25
tr|A0A0L8GZ50|A0A0L8GZ50_OCTBM 0.0000000 0.3759581 0.5215942 0.7332041 1.1116485 3.0854331 3.0165437 3.0858947 3.0964439 3.2527423 3.3596282 3.3469710 3.1518724 3.1699412 3.2183883 3.0196051 3.4339710 3.5643335 3.1937320 3.1361840 2.9288822 2.8860855 2.8460980 2.8846722 3.1419319 
tr|A0A8W8LNK4|A0A8W8LNK4_MAGGI 0.3759581 0.0000000 0.4989276 0.7010718 1.0816200 2.9569470 2.9330720 3.0422139 3.0565218 3.2141732 3.3345661 3.2768432 3.0583116 3.1063316 3.1486757 2.8767707 3.2638067 3.5018658 3.1304747 3.1746199 2.8573069 2.9032511 2.8952238 2.7979233 2.9682470 
tr|R7VD90|R7VD90_CAPTE         0.5215942 0.4989276 0.0000000 0.7647407 1.1018695 2.9893904 2.9918342 2.9645267 2.9477839 3.1351900 3.1470787 3.1224307 2.9788626 2.9299668 2.9737730 2.9350442 3.3260712 3.3434100 3.2636808 3.2860124 2.9345682 2.8779094 3.0619663 2.9387690 3.1118490 
tr|A0A7M7NQT2|A0A7M7NQT2_STRPU 0.7332041 0.7010718 0.7647407 0.0000000 1.0087267 2.6764449 2.7722995 2.6873208 2.6989478 2.9844277 3.0887261 2.9827769 2.7810126 2.8058118 2.8224302 2.7221641 2.9684129 3.1346811 3.0864910 3.3866136 2.8415510 2.7119834 2.8496048 2.7223698 2.9467133 
tr|B3S8E5|B3S8E5_TRIAD         1.1116485 1.0816200 1.1018695 1.0087267 0.0000000 2.7681354 2.8353993 2.9296391 2.9576819 3.2718697 3.2626920 3.2928309 3.0900031 3.1239046 3.1488030 2.8319074 3.2740704 3.2614041 3.0486033 3.1676283 2.8139660 2.8003269 2.7828478 2.6641595 2.7868459 
tr|A0A1S3LB19|A0A1S3LB19_SALSA 3.0854331 2.9569470 2.9893904 2.6764449 2.7681354 0.0000000 0.1985825 0.3352172 0.3803081 0.3883493 0.3985420 0.4010609 0.3914512 0.4115643 0.4078996 0.3623785 1.0885435 1.3862469 1.4226191 1.8671323 1.5234787 1.2757919 1.4707268 1.7220087 1.7572417 
tr|A0A674NY76|A0A674NY76_TAKRU 3.0165437 2.9330720 2.9918342 2.7722995 2.8353993 0.1985825 0.0000000 0.3766277 0.3943364 0.3913998 0.4046321 0.4101171 0.3995397 0.4292753 0.4221173 0.3733250 1.1236988 1.3979004 1.4283497 1.9101229 1.5498756 1.2460106 1.4545657 1.7663685 1.7919111 
tr|A0A974C345|A0A974C345_XENLA 3.0858947 3.0422139 2.9645267 2.6873208 2.9296391 0.3352172 0.3766277 0.0000000 0.3411940 0.3489259 0.4011764 0.3930022 0.3917451 0.4007867 0.3967817 0.4335688 1.1398034 1.3020894 1.5187652 1.9723889 1.5392012 1.3024388 1.4640447 1.8189246 1.7835858 
tr|A0A674GU47|A0A674GU47_TAEGU 3.0964439 3.0565218 2.9477839 2.6989478 2.9576819 0.3803081 0.3943364 0.3411940 0.0000000 0.1396695 0.3542495 0.3525212 0.2978440 0.3265788 0.3231636 0.4733420 1.1026774 1.3748330 1.4683837 1.8324055 1.4830738 1.3119629 1.4427387 1.7748969 1.7368232 
tr|A0A8V1AHE5|A0A8V1AHE5_CHICK 3.2527423 3.2141732 3.1351900 2.9844277 3.2718697 0.3883493 0.3913998 0.3489259 0.1396695 0.0000000 0.3923611 0.3874188 0.3053696 0.3285237 0.3197038 0.4538700 1.0935895 1.3791484 1.4711121 1.9329712 1.4722238 1.2614600 1.4107311 1.6464158 1.6624973 
tr|A0A8P0TMJ5|A0A8P0TMJ5_CANLF 3.3596282 3.3345661 3.1470787 3.0887261 3.2626920 0.3985420 0.4046321 0.4011764 0.3542495 0.3923611 0.0000000 0.1762346 0.1111765 0.1195345 0.1328368 0.5080270 1.1345423 1.3608185 1.4922001 2.0678735 1.5230998 1.3706953 1.5077386 1.7959270 1.7932234 
tr|F1N1I6|F1N1I6_BOVIN         3.3469710 3.2768432 3.1224307 2.9827769 3.2928309 0.4010609 0.4101171 0.3930022 0.3525212 0.3874188 0.1762346 0.0000000 0.0561588 0.0783180 0.0889330 0.4974137 1.1206623 1.3668303 1.5033830 1.9758825 1.5089743 1.3250065 1.4945478 1.7997533 1.8089461 
sp|P06396|GELS_HUMAN           3.1518724 3.0583116 2.9788626 2.7810126 3.0900031 0.3914512 0.3995397 0.3917451 0.2978440 0.3053696 0.1111765 0.0561588 0.0000000 0.0818734 0.0881054 0.4902363 1.1216091 1.3548990 1.5225924 2.0007063 1.5102704 1.3373264 1.4624433 1.8088888 1.8221669 
sp|P13020|GELS_MOUSE           3.1699412 3.1063316 2.9299668 2.8058118 3.1239046 0.4115643 0.4292753 0.4007867 0.3265788 0.3285237 0.1195345 0.0783180 0.0818734 0.0000000 0.0340046 0.5144837 1.1439961 1.3643468 1.5511611 1.9690498 1.5221631 1.3769517 1.5226943 1.8312760 1.8437882 
sp|Q68FP1|GELS_RAT             3.2183883 3.1486757 2.9737730 2.8224302 3.1488030 0.4078996 0.4221173 0.3967817 0.3231636 0.3197038 0.1328368 0.0889330 0.0881054 0.0340046 0.0000000 0.5063531 1.1241456 1.3813806 1.5333541 1.9620075 1.5158881 1.3699013 1.5131147 1.8178466 1.8543004 
tr|A4IGC2|A4IGC2_DANRE         3.0196051 2.8767707 2.9350442 2.7221641 2.8319074 0.3623785 0.3733250 0.4335688 0.4733420 0.4538700 0.5080270 0.4974137 0.4902363 0.5144837 0.5063531 0.0000000 1.1415689 1.3402133 1.4441653 1.8748892 1.4352488 1.2876095 1.4061672 1.8019738 1.7267813 
tr|A0A6F9DDF2|A0A6F9DDF2_9ASCI 3.4339710 3.2638067 3.3260712 2.9684129 3.2740704 1.0885435 1.1236988 1.1398034 1.1026774 1.0935895 1.1345423 1.1206623 1.1216091 1.1439961 1.1241456 1.1415689 0.0000000 1.2123657 1.6836232 2.1588373 1.6812785 1.5129925 1.6974681 1.8919266 1.7750727 
sp|O61270|GELS_HALRO           3.5643335 3.5018658 3.3434100 3.1346811 3.2614041 1.3862469 1.3979004 1.3020894 1.3748330 1.3791484 1.3608185 1.3668303 1.3548990 1.3643468 1.3813806 1.3402133 1.2123657 0.0000000 1.8440005 2.2288422 1.9093124 1.6983313 1.8024610 2.1332127 2.1155273 
tr|A0A1S4HE98|A0A1S4HE98_ANOGA 3.1937320 3.1304747 3.2636808 3.0864910 3.0486033 1.4226191 1.4283497 1.5187652 1.4683837 1.4711121 1.4922001 1.5033830 1.5225924 1.5511611 1.5333541 1.4441653 1.6836232 1.8440005 0.0000000 0.8539338 1.0206558 1.3362026 1.3968577 1.6618337 1.5572080 
sp|Q07171|GELS_DROME           3.1361840 3.1746199 3.2860124 3.3866136 3.1676283 1.8671323 1.9101229 1.9723889 1.8324055 1.9329712 2.0678735 1.9758825 2.0007063 1.9690498 1.9620075 1.8748892 2.1588373 2.2288422 0.8539338 0.0000000 1.3699870 1.5589296 1.6724253 1.6426475 1.5099669 
tr|E9FTN2|E9FTN2_DAPPU         2.9288822 2.8573069 2.9345682 2.8415510 2.8139660 1.5234787 1.5498756 1.5392012 1.4830738 1.4722238 1.5230998 1.5089743 1.5102704 1.5221631 1.5158881 1.4352488 1.6812785 1.9093124 1.0206558 1.3699870 0.0000000 1.1675401 1.2509756 1.7078041 1.6933769 
tr|A0A9J7MK25|A0A9J7MK25_BRAFL 2.8860855 2.9032511 2.8779094 2.7119834 2.8003269 1.2757919 1.2460106 1.3024388 1.3119629 1.2614600 1.3706953 1.3250065 1.3373264 1.3769517 1.3699013 1.2876095 1.5129925 1.6983313 1.3362026 1.5589296 1.1675401 0.0000000 0.9371780 1.6152713 1.6117352 
tr|A0A6P8HEW3|A0A6P8HEW3_ACTTE 2.8460980 2.8952238 3.0619663 2.8496048 2.7828478 1.4707268 1.4545657 1.4640447 1.4427387 1.4107311 1.5077386 1.4945478 1.4624433 1.5226943 1.5131147 1.4061672 1.6974681 1.8024610 1.3968577 1.6724253 1.2509756 0.9371780 0.0000000 1.6102188 1.5546975 
tr|A0A4E9EWZ6|A0A4E9EWZ6_BRUMA 2.8846722 2.7979233 2.9387690 2.7223698 2.6641595 1.7220087 1.7663685 1.8189246 1.7748969 1.6464158 1.7959270 1.7997533 1.8088888 1.8312760 1.8178466 1.8019738 1.8919266 2.1332127 1.6618337 1.6426475 1.7078041 1.6152713 1.6102188 0.0000000 1.0685230 
sp|A8XV95|GELS1_CAEBR          3.1419319 2.9682470 3.1118490 2.9467133 2.7868459 1.7572417 1.7919111 1.7835858 1.7368232 1.6624973 1.7932234 1.8089461 1.8221669 1.8437882 1.8543004 1.7267813 1.7750727 2.1155273 1.5572080 1.5099669 1.6933769 1.6117352 1.5546975 1.0685230 0.0000000 
