25
tr|A0A0L8GZ50|A0A0L8GZ50_OCTBM 0.0000000 0.3600487 0.4954304 0.7003105 1.0635849 2.8698624 2.8698852 2.8704718 2.8445346 2.9821016 3.1118719 3.0858976 2.9392221 2.9358995 2.9569043 2.7945341 3.0902463 2.9709358 2.9471206 2.6531149 2.6155289 2.6575968 2.8473244 2.9046518 3.5637204 
tr|A0A8W8LNK4|A0A8W8LNK4_MAGGI 0.3600487 0.0000000 0.4730021 0.6756722 1.0391496 2.7755106 2.7707705 2.8671232 2.8497688 2.9614791 3.0866336 3.0432559 2.8675154 2.8891770 2.9283528 2.7106668 2.9292841 2.9275131 3.0050620 2.6452956 2.6394226 2.6427580 2.7570563 2.8845672 3.3685068 
tr|R7VD90|R7VD90_CAPTE         0.4954304 0.4730021 0.0000000 0.7272276 1.0488705 2.8015215 2.7445401 2.7287583 2.7008659 2.8195147 2.9107996 2.9039756 2.7744784 2.7001383 2.7306210 2.7147721 2.9793873 2.9885291 3.0195533 2.6488827 2.5921613 2.6216782 2.7863362 2.8833854 3.3595610 
tr|A0A7M7NQT2|A0A7M7NQT2_STRPU 0.7003105 0.6756722 0.7272276 0.0000000 0.9785076 2.6278873 2.6605848 2.6037835 2.5825017 2.7702505 3.0241168 2.8697345 2.7462461 2.7470077 2.7500908 2.6764726 2.8419814 2.7821066 2.9558693 2.6237131 2.5373983 2.5567028 2.8521561 2.7466564 3.0257487 
tr|B3S8E5|B3S8E5_TRIAD         1.0635849 1.0391496 1.0488705 0.9785076 0.0000000 2.6242381 2.6544914 2.7208731 2.7792586 3.0601376 3.0438710 3.0397981 2.8771678 2.9518321 2.9636357 2.6796853 3.1369512 2.8962178 2.9398598 2.6756453 2.6314217 2.5947539 2.6859972 3.1125162 3.1691234 
tr|A0A1S3LB19|A0A1S3LB19_SALSA 2.8698624 2.7755106 2.8015215 2.6278873 2.6242381 0.0000000 0.2024697 0.3260525 0.3708399 0.3792267 0.3870341 0.3896377 0.3799677 0.3990054 0.3963220 0.3519814 1.0707797 1.3374184 1.6210512 1.4351714 1.1973504 1.6524979 1.7024423 1.8059251 1.8521773 
tr|A0A674NY76|A0A674NY76_TAKRU 2.8698852 2.7707705 2.7445401 2.6605848 2.6544914 0.2024697 0.0000000 0.3659351 0.3927323 0.3907865 0.4026469 0.4069759 0.3965941 0.4247124 0.4185287 0.3682137 1.0826113 1.3818420 1.7460576 1.4512637 1.1994961 1.7126421 1.8253008 1.7687621 1.8938408 
tr|A0A974C345|A0A974C345_XENLA 2.8704718 2.8671232 2.7287583 2.6037835 2.7208731 0.3260525 0.3659351 0.0000000 0.3327909 0.3405009 0.3902672 0.3826927 0.3811089 0.3894839 0.3859669 0.4191543 1.1159871 1.4247954 1.7690023 1.4535295 1.2346638 1.7412694 1.7239571 1.8327249 1.9053916 
tr|A0A674GU47|A0A674GU47_TAEGU 2.8445346 2.8497688 2.7008659 2.5825017 2.7792586 0.3708399 0.3927323 0.3327909 0.0000000 0.1376141 0.3443984 0.3311738 0.2904552 0.3192286 0.3131709 0.4592684 1.0882245 1.3817717 1.6606050 1.4031585 1.2518584 1.7340231 1.7408837 1.9824205 2.0421449 
tr|A0A8V1AHE5|A0A8V1AHE5_CHICK 2.9821016 2.9614791 2.8195147 2.7702505 3.0601376 0.3792267 0.3907865 0.3405009 0.1376141 0.0000000 0.3863754 0.3844930 0.3078971 0.3295405 0.3188629 0.4409092 1.0557643 1.3934859 1.7385887 1.3989223 1.2049780 1.6186577 1.6725811 1.9283143 2.0617634 
tr|A0A8P0TMJ5|A0A8P0TMJ5_CANLF 3.1118719 3.0866336 2.9107996 3.0241168 3.0438710 0.3870341 0.4026469 0.3902672 0.3443984 0.3863754 0.0000000 0.1672785 0.1092464 0.1173060 0.1267958 0.4913115 1.1027323 1.3920518 1.8488156 1.4362284 1.2802841 1.7262696 1.7758961 2.0187384 2.0111574 
tr|F1N1I6|F1N1I6_BOVIN         3.0858976 3.0432559 2.9039756 2.8697345 3.0397981 0.3896377 0.4069759 0.3826927 0.3311738 0.3844930 0.1672785 0.0000000 0.0555329 0.0744079 0.0830116 0.4821292 1.0817807 1.3972355 1.7459572 1.4235517 1.2341951 1.7437925 1.7600345 2.0232158 2.0748400 
sp|P06396|GELS_HUMAN           2.9392221 2.8675154 2.7744784 2.7462461 2.8771678 0.3799677 0.3965941 0.3811089 0.2904552 0.3078971 0.1092464 0.0555329 0.0000000 0.0762898 0.0807888 0.4745869 1.0701222 1.4088846 1.7697687 1.4215858 1.2411710 1.7314103 1.7820941 1.9873483 2.0277765 
sp|P13020|GELS_MOUSE           2.9358995 2.8891770 2.7001383 2.7470077 2.9518321 0.3990054 0.4247124 0.3894839 0.3192286 0.3295405 0.1173060 0.0744079 0.0762898 0.0000000 0.0337479 0.4973374 1.1135957 1.4398236 1.7660682 1.4296902 1.2811348 1.7446314 1.7824197 1.9083474 1.9786613 
sp|Q68FP1|GELS_RAT             2.9569043 2.9283528 2.7306210 2.7500908 2.9636357 0.3963220 0.4185287 0.3859669 0.3131709 0.3188629 0.1267958 0.0830116 0.0807888 0.0337479 0.0000000 0.4892997 1.0886175 1.4309656 1.7581733 1.4256483 1.2732737 1.7409513 1.7935397 1.9072035 1.9653447 
tr|A4IGC2|A4IGC2_DANRE         2.7945341 2.7106668 2.7147721 2.6764726 2.6796853 0.3519814 0.3682137 0.4191543 0.4592684 0.4409092 0.4913115 0.4821292 0.4745869 0.4973374 0.4892997 0.0000000 1.0723362 1.3573775 1.6585144 1.3615988 1.2115381 1.7136603 1.6321243 1.7896356 1.9762877 
tr|F7ACX7|F7ACX7_CIOIN         3.0902463 2.9292841 2.9793873 2.8419814 3.1369512 1.0707797 1.0826113 1.1159871 1.0882245 1.0557643 1.1027323 1.0817807 1.0701222 1.1135957 1.0886175 1.0723362 0.0000000 1.5622763 1.9116992 1.6340376 1.4517650 1.8871709 1.9305562 2.1717833 2.0928086 
tr|A0A1S4HE98|A0A1S4HE98_ANOGA 2.9709358 2.9275131 2.9885291 2.7821066 2.8962178 1.3374184 1.3818420 1.4247954 1.3817717 1.3934859 1.3920518 1.3972355 1.4088846 1.4398236 1.4309656 1.3573775 1.5622763 0.0000000 0.8362421 0.9534998 1.2085002 1.6020174 1.5783352 1.9509478 1.9284840 
sp|Q07171|GELS_DROME           2.9471206 3.0050620 3.0195533 2.9558693 2.9398598 1.6210512 1.7460576 1.7690023 1.6606050 1.7385887 1.8488156 1.7459572 1.7697687 1.7660682 1.7581733 1.6585144 1.9116992 0.8362421 0.0000000 1.2231223 1.3905261 1.5993403 1.4562846 1.9109932 2.0549206 
tr|E9FTN2|E9FTN2_DAPPU         2.6531149 2.6452956 2.6488827 2.6237131 2.6756453 1.4351714 1.4512637 1.4535295 1.4031585 1.3989223 1.4362284 1.4235517 1.4215858 1.4296902 1.4256483 1.3615988 1.6340376 0.9534998 1.2231223 0.0000000 1.1261228 1.6136295 1.5683120 1.9970252 1.8938281 
tr|A0A9J7MK25|A0A9J7MK25_BRAFL 2.6155289 2.6394226 2.5921613 2.5373983 2.6314217 1.1973504 1.1994961 1.2346638 1.2518584 1.2049780 1.2802841 1.2341951 1.2411710 1.2811348 1.2732737 1.2115381 1.4517650 1.2085002 1.3905261 1.1261228 0.0000000 1.5214314 1.5227309 1.7368577 1.6821639 
tr|A0A4E9EWZ6|A0A4E9EWZ6_BRUMA 2.6575968 2.6427580 2.6216782 2.5567028 2.5947539 1.6524979 1.7126421 1.7412694 1.7340231 1.6186577 1.7262696 1.7437925 1.7314103 1.7446314 1.7409513 1.7136603 1.8871709 1.6020174 1.5993403 1.6136295 1.5214314 0.0000000 0.9990601 1.8282666 1.9612538 
sp|Q21253|GELS1_CAEEL          2.8473244 2.7570563 2.7863362 2.8521561 2.6859972 1.7024423 1.8253008 1.7239571 1.7408837 1.6725811 1.7758961 1.7600345 1.7820941 1.7824197 1.7935397 1.6321243 1.9305562 1.5783352 1.4562846 1.5683120 1.5227309 0.9990601 0.0000000 2.0875824 2.1198710 
tr|A0A1X7U666|A0A1X7U666_AMPQE 2.9046518 2.8845672 2.8833854 2.7466564 3.1125162 1.8059251 1.7687621 1.8327249 1.9824205 1.9283143 2.0187384 2.0232158 1.9873483 1.9083474 1.9072035 1.7896356 2.1717833 1.9509478 1.9109932 1.9970252 1.7368577 1.8282666 2.0875824 0.0000000 0.9713075 
tr|A7S7K4|A7S7K4_NEMVE         3.5637204 3.3685068 3.3595610 3.0257487 3.1691234 1.8521773 1.8938408 1.9053916 2.0421449 2.0617634 2.0111574 2.0748400 2.0277765 1.9786613 1.9653447 1.9762877 2.0928086 1.9284840 2.0549206 1.8938281 1.6821639 1.9612538 2.1198710 0.9713075 0.0000000 
